%YAML:1.0
Mat: !!opencv-matrix
   rows: 3
   cols: 3
   dt: d
   data: [ -9.9987950609347664e-01, 2.5062272839965821e-03,
       -1.5319664456708536e-02, -1.6283792696371608e-03,
       -9.9837009720537739e-01, -5.7048202312425099e-02,
       -1.5437670653936225e-02, -5.7016382127649236e-02,
       9.9825388078076360e-01 ]
