%YAML:1.0
Mat: !!opencv-matrix
   rows: 3
   cols: 1
   dt: d
   data: [ 1.6478346476857346e+00, 5.7578186333234221e+01,
       1.8714805969877432e+01 ]
