%YAML:1.0
cameraMatrix: !!opencv-matrix
   rows: 3
   cols: 3
   dt: d
   data: [ 5.6146000593554902e+02, 0., 3.0794434806077948e+02, 0.,
       5.6192580158389239e+02, 2.4739018183656157e+02, 0., 0., 1. ]
imageSize_width: 640
imageSize_height: 480
sensorSize_width: 0
sensorSize_height: 0
distCoeffs: !!opencv-matrix
   rows: 5
   cols: 1
   dt: d
   data: [ -9.7940979311078799e-03, -2.5387845833471277e-02,
       1.0518525751482455e-03, -3.4475059524906832e-05,
       -2.7479793788384100e-02 ]
reprojectionError: 5.5443912744522095e-01
features:
   - [ 9.88762436e+01, 1.90691116e+02, 1.34785141e+02, 1.91466202e+02,
       1.70515411e+02, 1.91614410e+02, 2.05806061e+02, 1.92383362e+02,
       2.41357239e+02, 1.92650574e+02, 2.76619965e+02, 1.93357834e+02,
       3.11453857e+02, 1.93546082e+02, 3.46362671e+02, 1.94392349e+02,
       3.80600250e+02, 1.94654968e+02, 4.14801239e+02, 1.95400162e+02,
       9.84915619e+01, 2.26510162e+02, 1.34406815e+02, 2.26689484e+02,
       1.70104446e+02, 2.27380096e+02, 2.05457077e+02, 2.27573792e+02,
       2.40682312e+02, 2.28008286e+02, 2.76181610e+02, 2.28457230e+02,
       3.11114594e+02, 2.28633499e+02, 3.45899872e+02, 2.29399170e+02,
       3.80502563e+02, 2.29479431e+02, 4.14644867e+02, 2.30078476e+02,
       9.76139984e+01, 2.62050629e+02, 1.33662582e+02, 2.62432373e+02,
       1.69525055e+02, 2.62543274e+02, 2.05000565e+02, 2.62967102e+02,
       2.40497726e+02, 2.63376312e+02, 2.75585358e+02, 2.63507263e+02,
       3.10591980e+02, 2.63752106e+02, 3.45570282e+02, 2.64301270e+02,
       3.80407898e+02, 2.64508606e+02, 4.14535950e+02, 2.64599854e+02,
       9.72516861e+01, 2.97554169e+02, 1.33356354e+02, 2.97681396e+02,
       1.69149796e+02, 2.98160980e+02, 2.04562775e+02, 2.98394989e+02,
       2.40065750e+02, 2.98562775e+02, 2.75521240e+02, 2.98582764e+02,
       3.10414337e+02, 2.98865295e+02, 3.45522156e+02, 2.99219513e+02,
       3.80114990e+02, 2.99412415e+02, 4.14448669e+02, 2.99498596e+02,
       9.65649490e+01, 3.33465973e+02, 1.32586273e+02, 3.33547302e+02,
       1.68530655e+02, 3.33536102e+02, 2.04334427e+02, 3.33553955e+02,
       2.39609711e+02, 3.33683502e+02, 2.75214539e+02, 3.33864014e+02,
       3.10293640e+02, 3.34128235e+02, 3.45157440e+02, 3.34160706e+02,
       3.79694763e+02, 3.34175720e+02, 4.14118073e+02, 3.34167816e+02,
       9.61621094e+01, 3.69212524e+02, 1.32337631e+02, 3.69176941e+02,
       1.68313461e+02, 3.69213867e+02, 2.03728012e+02, 3.69270752e+02,
       2.39481720e+02, 3.69335022e+02, 2.74712219e+02, 3.69280090e+02,
       3.09664490e+02, 3.69284668e+02, 3.44669556e+02, 3.69221313e+02,
       3.79536316e+02, 3.68903015e+02, 4.13783386e+02, 3.68806305e+02,
       9.55961914e+01, 4.05019226e+02, 1.31590225e+02, 4.04935181e+02,
       1.67658279e+02, 4.04765472e+02, 2.03414154e+02, 4.04751282e+02,
       2.39047104e+02, 4.04568420e+02, 2.74470978e+02, 4.04475922e+02,
       3.09564972e+02, 4.04428162e+02, 3.44484955e+02, 4.04372955e+02,
       3.79458588e+02, 4.04025208e+02, 4.13525513e+02, 4.03718018e+02 ]
   - [ 2.20486191e+02, 1.77374161e+02, 2.66200409e+02, 1.78148499e+02,
       3.11311737e+02, 1.79064987e+02, 3.55674713e+02, 1.79825516e+02,
       3.99667114e+02, 1.80691116e+02, 4.43193939e+02, 1.81598633e+02,
       4.85669586e+02, 1.82598419e+02, 5.27955933e+02, 1.83422714e+02,
       5.69463440e+02, 1.84448212e+02, 6.10008423e+02, 1.85329941e+02,
       2.19799667e+02, 2.23014786e+02, 2.65518890e+02, 2.23516586e+02,
       3.10856354e+02, 2.24218826e+02, 3.55333221e+02, 2.24734268e+02,
       3.99470764e+02, 2.25339630e+02, 4.42958466e+02, 2.25923111e+02,
       4.85712067e+02, 2.26488449e+02, 5.28147156e+02, 2.27056625e+02,
       5.69614929e+02, 2.27605713e+02, 6.10257812e+02, 2.28392303e+02,
       2.19384323e+02, 2.68572113e+02, 2.65168976e+02, 2.68830536e+02,
       3.10563599e+02, 2.69264343e+02, 3.55157379e+02, 2.69618134e+02,
       3.99303406e+02, 2.69729279e+02, 4.42678833e+02, 2.70253632e+02,
       4.85570282e+02, 2.70535278e+02, 5.27826538e+02, 2.70626587e+02,
       5.69586853e+02, 2.71026703e+02, 6.10319885e+02, 2.71406769e+02,
       2.18678650e+02, 3.14414886e+02, 2.64610168e+02, 3.14351532e+02,
       3.10048309e+02, 3.14517639e+02, 3.54590668e+02, 3.14597992e+02,
       3.98788635e+02, 3.14465057e+02, 4.42573578e+02, 3.14505676e+02,
       4.85384186e+02, 3.14419922e+02, 5.27699402e+02, 3.14490845e+02,
       5.69579346e+02, 3.14398224e+02, 6.10349792e+02, 3.14402985e+02,
       2.18449142e+02, 3.59875763e+02, 2.64275146e+02, 3.59831726e+02,
       3.09565399e+02, 3.59629547e+02, 3.54431732e+02, 3.59437439e+02,
       3.98621246e+02, 3.59262909e+02, 4.42392090e+02, 3.58710938e+02,
       4.85217377e+02, 3.58544067e+02, 5.27556335e+02, 3.58245422e+02,
       5.69420105e+02, 3.57769836e+02, 6.10164673e+02, 3.57448975e+02,
       2.17721817e+02, 4.05926758e+02, 2.63717865e+02, 4.05449585e+02,
       3.09311493e+02, 4.04832550e+02, 3.53956360e+02, 4.04426636e+02,
       3.98308960e+02, 4.03752747e+02, 4.41970947e+02, 4.03450867e+02,
       4.84890015e+02, 4.02621246e+02, 5.27454895e+02, 4.02171356e+02,
       5.69125671e+02, 4.01412415e+02, 6.10027344e+02, 4.00649750e+02,
       2.17488663e+02, 4.52112000e+02, 2.63415680e+02, 4.51373077e+02,
       3.08812653e+02, 4.50516388e+02, 3.53489777e+02, 4.49637482e+02,
       3.97841370e+02, 4.48872650e+02, 4.41574738e+02, 4.47959869e+02,
       4.84612701e+02, 4.47242188e+02, 5.27054321e+02, 4.46105560e+02,
       5.68769653e+02, 4.45063263e+02, 6.09780579e+02, 4.44238373e+02 ]
   - [ 7.56625290e+01, 1.90349182e+02, 1.11601189e+02, 1.90700516e+02,
       1.47378815e+02, 1.91328476e+02, 1.82569626e+02, 1.91655579e+02,
       2.17638046e+02, 1.92311386e+02, 2.52767441e+02, 1.92606216e+02,
       2.87535431e+02, 1.93304535e+02, 3.22443634e+02, 1.93548218e+02,
       3.56563202e+02, 1.94367813e+02, 3.90632874e+02, 1.94634399e+02,
       7.50710831e+01, 2.25670563e+02, 1.10849442e+02, 2.26210999e+02,
       1.46598618e+02, 2.26557541e+02, 1.82080490e+02, 2.26790649e+02,
       2.17459732e+02, 2.27392624e+02, 2.52485367e+02, 2.27556259e+02,
       2.87409271e+02, 2.28100250e+02, 3.22067200e+02, 2.28682724e+02,
       3.56488739e+02, 2.28548782e+02, 3.90530579e+02, 2.29410156e+02,
       7.45210724e+01, 2.61275665e+02, 1.10450699e+02, 2.61474945e+02,
       1.46221771e+02, 2.61583527e+02, 1.81502640e+02, 2.62189850e+02,
       2.16765213e+02, 2.62398071e+02, 2.52125793e+02, 2.62578247e+02,
       2.86795227e+02, 2.62824829e+02, 3.21546936e+02, 2.63339691e+02,
       3.56393738e+02, 2.63484009e+02, 3.90450928e+02, 2.63550415e+02,
       7.35699463e+01, 2.96595184e+02, 1.09610069e+02, 2.96643311e+02,
       1.45553192e+02, 2.97019745e+02, 1.81158691e+02, 2.97332733e+02,
       2.16523483e+02, 2.97467560e+02, 2.51591187e+02, 2.97542633e+02,
       2.86565430e+02, 2.97623901e+02, 3.21512756e+02, 2.97837250e+02,
       3.56006256e+02, 2.98123108e+02, 3.90271088e+02, 2.98354187e+02,
       7.31841888e+01, 3.32312256e+02, 1.09298912e+02, 3.32437988e+02,
       1.45245667e+02, 3.32408234e+02, 1.80543182e+02, 3.32525116e+02,
       2.16174347e+02, 3.32482391e+02, 2.51465668e+02, 3.32592560e+02,
       2.86455505e+02, 3.32620209e+02, 3.21241180e+02, 3.32603058e+02,
       3.55649536e+02, 3.32612915e+02, 3.89815094e+02, 3.32596191e+02,
       7.24851990e+01, 3.67773621e+02, 1.08577461e+02, 3.67734161e+02,
       1.44530426e+02, 3.67726807e+02, 1.80389862e+02, 3.67716156e+02,
       2.15617676e+02, 3.67659393e+02, 2.51158966e+02, 3.67585175e+02,
       2.85989288e+02, 3.67601044e+02, 3.20762238e+02, 3.67525970e+02,
       3.55503723e+02, 3.67467804e+02, 3.89613098e+02, 3.67450958e+02,
       7.21112061e+01, 4.03550812e+02, 1.08177170e+02, 4.03569305e+02,
       1.44300415e+02, 4.03464081e+02, 1.79594833e+02, 4.03494781e+02,
       2.15499954e+02, 4.03279541e+02, 2.50573486e+02, 4.02999420e+02,
       2.85671234e+02, 4.02692596e+02, 3.20534821e+02, 4.02548889e+02,
