%YAML:1.0
cameraMatrix: !!opencv-matrix
   rows: 3
   cols: 3
   dt: d
   data: [ 1.4239391563555864e+03, 0., 9.2850108901754538e+02, 0.,
       1.4280981444197798e+03, 5.0939943959740157e+02, 0., 0., 1. ]
imageSize_width: 1920
imageSize_height: 1080
sensorSize_width: 0
sensorSize_height: 0
distCoeffs: !!opencv-matrix
   rows: 5
   cols: 1
   dt: d
   data: [ -9.8497368087492376e-02, 1.9847551965554669e-01,
       4.6696785239404396e-04, 1.6909869697954484e-03,
       -1.9697612511157486e-01 ]
reprojectionError: 2.9598537087440491e-01
features:
   - [ 1.43818933e+03, 8.34100891e+02, 1.35524048e+03, 8.32952637e+02,
       1.27276221e+03, 8.32304871e+02, 1.19066357e+03, 8.31004639e+02,
       1.10797058e+03, 8.30410339e+02, 1.02530920e+03, 8.29211731e+02,
       9.43491699e+02, 8.28027771e+02, 8.61670044e+02, 8.26382202e+02,
       7.80366882e+02, 8.24792664e+02, 6.99838684e+02, 8.22954041e+02,
       1.43957617e+03, 7.51185974e+02, 1.35688855e+03, 7.50709656e+02,
       1.27416638e+03, 7.49875671e+02, 1.19182227e+03, 7.48980164e+02,
       1.10919275e+03, 7.48246948e+02, 1.02627222e+03, 7.47179138e+02,
       9.44071899e+02, 7.46387634e+02, 8.62470947e+02, 7.45469482e+02,
       7.80013245e+02, 7.43868164e+02, 7.00051208e+02, 7.41990234e+02,
       1.44124573e+03, 6.68769592e+02, 1.35822498e+03, 6.68246643e+02,
       1.27558875e+03, 6.67509827e+02, 1.19274756e+03, 6.67025818e+02,
       1.11012915e+03, 6.65971619e+02, 1.02727661e+03, 6.64883484e+02,
       9.44899475e+02, 6.63995667e+02, 8.62596741e+02, 6.62719482e+02,
       7.81053955e+02, 6.61905334e+02, 7.00062988e+02, 6.60377441e+02,
       1.44243286e+03, 5.86187866e+02, 1.35975671e+03, 5.85701538e+02,
       1.27668054e+03, 5.84740295e+02, 1.19387329e+03, 5.84052795e+02,
       1.11095886e+03, 5.83310059e+02, 1.02794983e+03, 5.82568420e+02,
       9.45620300e+02, 5.81444031e+02, 8.62900330e+02, 5.80649170e+02,
       7.80442993e+02, 5.80740234e+02, 7.00094177e+02, 5.78697205e+02,
       1.44346423e+03, 5.03242584e+02, 1.36053516e+03, 5.02435577e+02,
       1.27765979e+03, 5.01801208e+02, 1.19462561e+03, 5.01326233e+02,
       1.11162061e+03, 5.00145172e+02, 1.02858691e+03, 4.99601776e+02,
       9.46103943e+02, 4.98889923e+02, 8.63600281e+02, 4.98254883e+02,
       7.81686340e+02, 4.97684601e+02, 7.00536621e+02, 4.96941162e+02,
       1.44453784e+03, 4.20086823e+02, 1.36146582e+03, 4.19392700e+02,
       1.27820703e+03, 4.18696381e+02, 1.19575000e+03, 4.17886414e+02,
       1.11238928e+03, 4.17295349e+02, 1.02934900e+03, 4.16624146e+02,
       9.46670044e+02, 4.16058777e+02, 8.64202393e+02, 4.15634979e+02,
       7.82176758e+02, 4.15134918e+02, 7.01127625e+02, 4.14860260e+02,
       1.44532300e+03, 3.36459747e+02, 1.36225903e+03, 3.35833374e+02,
       1.27903149e+03, 3.35158569e+02, 1.19634167e+03, 3.34327240e+02,
       1.11322498e+03, 3.34065399e+02, 1.02992737e+03, 3.33406128e+02,
       9.47404053e+02, 3.33114258e+02, 8.64868958e+02, 3.32743774e+02,
       7.82732422e+02, 3.32655182e+02, 7.01659790e+02, 3.32575317e+02 ]
   - [ 1.15800330e+03, 9.19153687e+02, 1.05068140e+03, 9.16397034e+02,
       9.44083557e+02, 9.13837402e+02, 8.39549133e+02, 9.10328003e+02,
       7.35031921e+02, 9.07683167e+02, 6.32147888e+02, 9.03854797e+02,
       5.31122192e+02, 9.00590698e+02, 4.31604675e+02, 8.96608276e+02,
       3.32934326e+02, 8.93173767e+02, 2.36359787e+02, 8.89375854e+02,
       1.15965247e+03, 8.12599487e+02, 1.05191064e+03, 8.10704712e+02,
       9.45110962e+02, 8.08151672e+02, 8.39471436e+02, 8.05646057e+02,
       7.35038635e+02, 8.02932312e+02, 6.31800781e+02, 8.00354248e+02,
       5.30050171e+02, 7.97731445e+02, 4.31477264e+02, 7.95991394e+02,
       3.30138702e+02, 7.92842041e+02, 2.35538055e+02, 7.88492188e+02,
       1.16121667e+03, 7.05820007e+02, 1.05282104e+03, 7.04346313e+02,
       9.45372620e+02, 7.02187744e+02, 8.39485352e+02, 7.00669617e+02,
       7.34793213e+02, 6.98018127e+02, 6.31700439e+02, 6.95915161e+02,
       5.30327271e+02, 6.93665039e+02, 4.30493835e+02, 6.91170227e+02,
       3.31764679e+02, 6.89252808e+02, 2.35257019e+02, 6.86467468e+02,
       1.16249268e+03, 5.98072021e+02, 1.05400769e+03, 5.96902527e+02,
       9.46222351e+02, 5.96004150e+02, 8.40534119e+02, 5.94316528e+02,
       7.35371887e+02, 5.92770508e+02, 6.31698975e+02, 5.91366699e+02,
       5.30432861e+02, 5.89537903e+02, 4.29931915e+02, 5.87973450e+02,
       3.28912048e+02, 5.88589844e+02, 2.34599564e+02, 5.85251587e+02,
       1.16367615e+03, 4.89862793e+02, 1.05530762e+03, 4.89022095e+02,
       9.47280884e+02, 4.88132507e+02, 8.40965210e+02, 4.87247040e+02,
       7.35431946e+02, 4.86103241e+02, 6.32300232e+02, 4.85722748e+02,
       5.30620850e+02, 4.85167084e+02, 4.30415619e+02, 4.84393707e+02,
       3.31577209e+02, 4.83833435e+02, 2.34413513e+02, 4.82949127e+02,
       1.16436401e+03, 3.81969879e+02, 1.05597583e+03, 3.80966461e+02,
       9.48364502e+02, 3.80707703e+02, 8.41904602e+02, 3.80359924e+02,
       7.36473022e+02, 3.80513031e+02, 6.32955566e+02, 3.80473114e+02,
       5.31076111e+02, 3.80451385e+02, 4.30918701e+02, 3.80626465e+02,
       3.31546478e+02, 3.80804138e+02, 2.34860367e+02, 3.80698181e+02,
       1.16556946e+03, 2.73243500e+02, 1.05674414e+03, 2.73283691e+02,
       9.49562744e+02, 2.73512207e+02, 8.42915527e+02, 2.73366913e+02,
       7.37731262e+02, 2.74229370e+02, 6.33851685e+02, 2.74792999e+02,
       5.32240967e+02, 2.75776245e+02, 4.31683167e+02, 2.76466095e+02,
       3.32378296e+02, 2.77259644e+02, 2.35307800e+02, 2.78009064e+02 ]
   - [ 1.49184045e+03, 8.34256226e+02, 1.40929663e+03, 8.33163391e+02,
       1.32727649e+03, 8.32374329e+02, 1.24554504e+03, 8.31087830e+02,
       1.16336890e+03, 8.30401062e+02, 1.08127576e+03, 8.29122620e+02,
       9.99974792e+02, 8.27967529e+02, 9.18500244e+02, 8.26353516e+02,
       8.37612915e+02, 8.24754395e+02, 7.57525024e+02, 8.22711487e+02,
       1.49358655e+03, 7.51993103e+02, 1.41112085e+03, 7.51317200e+02,
       1.32868835e+03, 7.50667786e+02, 1.24692334e+03, 7.49606262e+02,
       1.16469714e+03, 7.48691895e+02, 1.08225854e+03, 7.47734802e+02,
       1.00058093e+03, 7.46842346e+02, 9.19453857e+02, 7.46044983e+02,
       8.37773315e+02, 7.44271057e+02, 7.57636230e+02, 7.42560608e+02,
       1.49539453e+03, 6.70053406e+02, 1.41280896e+03, 6.69356201e+02,
       1.33040271e+03, 6.68733093e+02, 1.24807605e+03, 6.68101746e+02,
       1.16557336e+03, 6.66846619e+02, 1.08335242e+03, 6.66141968e+02,
       1.00147333e+03, 6.65105286e+02, 9.19557373e+02, 6.64013428e+02,
       8.38394836e+02, 6.62891357e+02, 7.57747803e+02, 6.61438232e+02,
       1.49674438e+03, 5.87730408e+02, 1.41431226e+03, 5.87357788e+02,
       1.33135461e+03, 5.86599182e+02, 1.24930249e+03, 5.85576355e+02,
       1.16685034e+03, 5.84813293e+02, 1.08412524e+03, 5.84226868e+02,
       1.00232568e+03, 5.83143250e+02, 9.20129333e+02, 5.82489563e+02,
       8.38036743e+02, 5.82181885e+02, 7.58029480e+02, 5.80588745e+02,
       1.49822791e+03, 5.05321625e+02, 1.41531067e+03, 5.04557007e+02,
       1.33260022e+03, 5.03915680e+02, 1.25000122e+03, 5.03411774e+02,
       1.16752820e+03, 5.02267120e+02, 1.08502087e+03, 5.01749969e+02,
       1.00274689e+03, 5.01013336e+02, 9.20780945e+02, 5.00363342e+02,
       8.39235901e+02, 4.99879089e+02, 7.58246887e+02, 4.99081146e+02,
       1.49940234e+03, 4.22485474e+02, 1.41656384e+03, 4.21778778e+02,
       1.33332422e+03, 4.21375916e+02, 1.25117322e+03, 4.20385986e+02,
       1.16836145e+03, 4.19843933e+02, 1.08554065e+03, 4.19188873e+02,
       1.00355121e+03, 4.18498993e+02, 9.21366455e+02, 4.18315582e+02,
       8.39568420e+02, 4.17756287e+02, 7.58689697e+02, 4.17506317e+02,
       1.50016724e+03, 3.39342163e+02, 1.41749329e+03, 3.38552917e+02,
       1.33432019e+03, 3.38049866e+02, 1.25194739e+03, 3.37357758e+02,
       1.16897791e+03, 3.36801392e+02, 1.08620142e+03, 3.36443420e+02,
       1.00401837e+03, 3.36125244e+02, 9.21893738e+02, 3.35728394e+02,
