%YAML:1.0
cameraMatrix: !!opencv-matrix
   rows: 3
   cols: 3
   dt: d
   data: [ 5.7034220221039379e+02, 0., 3.2000000058109441e+02, 0.,
       5.7034220220812711e+02, 2.4000000113049202e+02, 0., 0., 1. ]
imageSize_width: 640
imageSize_height: 480
sensorSize_width: 0
sensorSize_height: 0
distCoeffs: !!opencv-matrix
   rows: 5
   cols: 1
   dt: d
   data: [ 4.1136261860296007e-08, -1.8639929382219064e-07,
       9.5991739287694956e-10, 5.6145886921412173e-10,
       2.6256925116076101e-07 ]
reprojectionError: 0.
features:
   []
