%YAML:1.0
cameraMatrix: !!opencv-matrix
   rows: 3
   cols: 3
   dt: d
   data: [ 5.7435514773159002e+02, 0., 3.1616520401121693e+02, 0.,
       5.7527377516023512e+02, 2.4712671583299428e+02, 0., 0., 1. ]
imageSize_width: 640
imageSize_height: 480
sensorSize_width: 0
sensorSize_height: 0
distCoeffs: !!opencv-matrix
   rows: 5
   cols: 1
   dt: d
   data: [ -1.4555982909068385e-02, -4.3969848604372169e-02,
       1.0399905440750055e-03, -2.7987564244839723e-04,
       6.3749848850278762e-02 ]
reprojectionError: 1.3916812837123871e-01
features:
   - [ 1.68691208e+02, 1.78344238e+02, 2.04044205e+02, 1.77358673e+02,
       2.39240524e+02, 1.76339447e+02, 2.74237915e+02, 1.75338257e+02,
       3.09292053e+02, 1.74381760e+02, 3.44377899e+02, 1.73394562e+02,
       3.78921356e+02, 1.72504913e+02, 4.13744965e+02, 1.71428497e+02,
       4.48443115e+02, 1.70605255e+02, 4.82794128e+02, 1.69650009e+02,
       1.69748077e+02, 2.13519791e+02, 2.04833649e+02, 2.12515930e+02,
       2.40243195e+02, 2.11453934e+02, 2.75173950e+02, 2.10521576e+02,
       3.10332977e+02, 2.09433487e+02, 3.45404755e+02, 2.09230240e+02,
       3.80072540e+02, 2.07505325e+02, 4.14933746e+02, 2.06537827e+02,
       4.49541809e+02, 2.05473694e+02, 4.83851105e+02, 2.04848587e+02,
       1.70717499e+02, 2.48647690e+02, 2.05969696e+02, 2.47506805e+02,
       2.41302414e+02, 2.46584961e+02, 2.76261200e+02, 2.45523422e+02,
       3.11396118e+02, 2.44542740e+02, 3.46482361e+02, 2.43405228e+02,
       3.81219086e+02, 2.42638229e+02, 4.15894989e+02, 2.41476379e+02,
       4.50487732e+02, 2.40627045e+02, 4.84732513e+02, 2.39432373e+02,
       1.71746140e+02, 2.83665253e+02, 2.07038467e+02, 2.82703735e+02,
       2.42324753e+02, 2.81536255e+02, 2.77357117e+02, 2.80670685e+02,
       3.12450439e+02, 2.79541656e+02, 3.47519440e+02, 2.78572723e+02,
       3.82193573e+02, 2.77466980e+02, 4.16889160e+02, 2.76578735e+02,
       4.51586823e+02, 2.75428131e+02, 4.85842438e+02, 2.74362854e+02,
       1.72731033e+02, 3.18931091e+02, 2.08143524e+02, 3.17661865e+02,
       2.43451309e+02, 3.16747162e+02, 2.78385040e+02, 3.15591064e+02,
       3.13519653e+02, 3.14643127e+02, 3.48512451e+02, 3.13478302e+02,
       3.83376495e+02, 3.12453339e+02, 4.17798401e+02, 3.11324005e+02,
       4.52605194e+02, 3.10182526e+02, 4.86764496e+02, 3.08862762e+02,
       1.73973068e+02, 3.54123230e+02, 2.09398651e+02, 3.52918762e+02,
       2.44474304e+02, 3.51639282e+02, 2.79537048e+02, 3.50720764e+02,
       3.14531494e+02, 3.49517273e+02, 3.49525787e+02, 3.48564331e+02,
       3.84314270e+02, 3.47467896e+02, 4.18762848e+02, 3.46233490e+02,
       4.53595306e+02, 3.44662689e+02, 4.87915955e+02, 3.43710388e+02,
       1.75261154e+02, 3.89414703e+02, 2.10415268e+02, 3.88210449e+02,
       2.45549026e+02, 3.86934509e+02, 2.80491547e+02, 3.85634888e+02,
       3.15550903e+02, 3.84609100e+02, 3.50486511e+02, 3.83446014e+02,
       3.85362946e+02, 3.82429352e+02, 4.19711823e+02, 3.80948212e+02,
       4.54694397e+02, 3.79608887e+02, 4.88561554e+02, 3.78370850e+02 ]
   - [ 2.07355255e+02, 1.99770401e+02, 2.29476440e+02, 1.99439529e+02,
       2.51460129e+02, 1.98619766e+02, 2.73516144e+02, 1.98341919e+02,
       2.95465393e+02, 1.97564133e+02, 3.17537842e+02, 1.97140411e+02,
       3.39523193e+02, 1.96514954e+02, 3.61553467e+02, 1.95940750e+02,
       3.83511627e+02, 1.95543839e+02, 4.05535980e+02, 1.94993881e+02,
       2.07643768e+02, 2.22115433e+02, 2.29668411e+02, 2.21518692e+02,
       2.51846939e+02, 2.20799789e+02, 2.73761383e+02, 2.20511932e+02,
       2.95957001e+02, 2.19639191e+02, 3.18180817e+02, 2.19472565e+02,
       3.40210114e+02, 2.18527023e+02, 3.62321167e+02, 2.18392487e+02,
       3.84270844e+02, 2.17484940e+02, 4.05995514e+02, 2.17400421e+02,
       2.08448380e+02, 2.44415100e+02, 2.30459824e+02, 2.43469711e+02,
       2.52545502e+02, 2.43051468e+02, 2.74484772e+02, 2.42495789e+02,
       2.96515533e+02, 2.41817581e+02, 3.18574341e+02, 2.41437943e+02,
       3.40576263e+02, 2.40731323e+02, 3.62565430e+02, 2.40357269e+02,
       3.84552643e+02, 2.39667480e+02, 4.06512726e+02, 2.39265594e+02,
       2.08956497e+02, 2.66313690e+02, 2.31029556e+02, 2.65562744e+02,
       2.53204102e+02, 2.65022644e+02, 2.75127563e+02, 2.64535278e+02,
       2.97243469e+02, 2.63812012e+02, 3.19420227e+02, 2.63533722e+02,
       3.41295685e+02, 2.62724731e+02, 3.63431915e+02, 2.62476959e+02,
       3.85360840e+02, 2.61503082e+02, 4.07126099e+02, 2.61347809e+02,
       2.09522293e+02, 2.88355591e+02, 2.31549942e+02, 2.87524689e+02,
       2.53552734e+02, 2.87206879e+02, 2.75527039e+02, 2.86540375e+02,
       2.97597076e+02, 2.85987488e+02, 3.19663666e+02, 2.85484680e+02,
       3.41604126e+02, 2.84783081e+02, 3.63615265e+02, 2.84383850e+02,
       3.85590973e+02, 2.83622833e+02, 4.07526886e+02, 2.83129944e+02,
       2.10365601e+02, 3.10304199e+02, 2.32428940e+02, 3.09593353e+02,
       2.54419937e+02, 3.09134125e+02, 2.76410706e+02, 3.08580780e+02,
       2.98381836e+02, 3.07859009e+02, 3.20487823e+02, 3.07541840e+02,
       3.42374512e+02, 3.06630493e+02, 3.64481445e+02, 3.06387207e+02,
       3.86371490e+02, 3.05505188e+02, 4.08138672e+02, 3.05169922e+02,
       2.10780777e+02, 3.32359161e+02, 2.32782623e+02, 3.31506317e+02,
       2.54852905e+02, 3.31221375e+02, 2.76726196e+02, 3.30508636e+02,
       2.98751617e+02, 3.30006073e+02, 3.20753021e+02, 3.29453552e+02,
       3.42649170e+02, 3.28743286e+02, 3.64603638e+02, 3.28290375e+02,
       3.86623322e+02, 3.27630219e+02, 4.08520325e+02, 3.26893646e+02 ]
   - [ 4.32285217e+02, 2.05095718e+02, 4.49540497e+02, 2.04449051e+02,
       4.67253510e+02, 2.03758392e+02, 4.84741089e+02, 2.03284332e+02,
       5.02737152e+02, 2.02600891e+02, 5.21283997e+02, 2.01776123e+02,
       5.39522583e+02, 2.01397476e+02, 5.58398193e+02, 2.00523926e+02,
       5.77227539e+02, 2.00092941e+02, 5.96240662e+02, 1.99374329e+02,
       4.32573883e+02, 2.22131561e+02, 4.49796387e+02, 2.21561951e+02,
       4.67549469e+02, 2.21065277e+02, 4.85385406e+02, 2.20580475e+02,
       5.03421295e+02, 2.20008408e+02, 5.21491394e+02, 2.19589325e+02,
       5.39846313e+02, 2.18877884e+02, 5.58592346e+02, 2.18519196e+02,
       5.77530396e+02, 2.17782059e+02, 5.96565796e+02, 2.17512711e+02,
       4.32811737e+02, 2.39179550e+02, 4.50420135e+02, 2.38563980e+02,
       4.67789154e+02, 2.38350006e+02, 4.85549225e+02, 2.37728912e+02,
       5.03554413e+02, 2.37520294e+02, 5.21847229e+02, 2.36907791e+02,
       5.40477722e+02, 2.36638535e+02, 5.59013672e+02, 2.36213699e+02,
       5.77764404e+02, 2.35733200e+02, 5.96815613e+02, 2.35357025e+02,
       4.33480469e+02, 2.56019928e+02, 4.50595612e+02, 2.55664078e+02,
       4.68384979e+02, 2.55444092e+02, 4.86019897e+02, 2.55241913e+02,
       5.04032013e+02, 2.54670563e+02, 5.22448792e+02, 2.54583252e+02,
       5.40606628e+02, 2.54303070e+02, 5.59485962e+02, 2.53891937e+02,
       5.78395325e+02, 2.53452881e+02, 5.97418640e+02, 2.53416321e+02,
       4.33556915e+02, 2.72952332e+02, 4.51085205e+02, 2.72654175e+02,
       4.68596008e+02, 2.72605316e+02, 4.86453766e+02, 2.72438293e+02,
       5.04504486e+02, 2.72319794e+02, 5.22577454e+02, 2.71874237e+02,
       5.41198242e+02, 2.71743622e+02, 5.59612244e+02, 2.71533691e+02,
       5.78620483e+02, 2.71477417e+02, 5.97606995e+02, 2.71196747e+02,
       4.34011749e+02, 2.89819794e+02, 4.51514038e+02, 2.89795135e+02,
       4.68978271e+02, 2.89648102e+02, 4.86617462e+02, 2.89637939e+02,
       5.04629059e+02, 2.89482025e+02, 5.23074646e+02, 2.89553040e+02,
       5.41471436e+02, 2.89399719e+02, 5.60214111e+02, 2.89426208e+02,
       5.78978027e+02, 2.89200348e+02, 5.97931519e+02, 2.89192535e+02,
       4.34484161e+02, 3.06910675e+02, 4.51626678e+02, 3.06788788e+02,
       4.69473663e+02, 3.06937622e+02, 4.87158203e+02, 3.06848297e+02,
       5.05263611e+02, 3.07017029e+02, 5.23459106e+02, 3.06943634e+02,
       5.41688599e+02, 3.07038788e+02, 5.60468994e+02, 3.06980713e+02,
