%YAML:1.0
cameraMatrix: !!opencv-matrix
   rows: 3
   cols: 3
   dt: d
   data: [ 1.3128599570123060e+03, 0., 9.6678266422679565e+02, 0.,
       1.3153342805732166e+03, 5.2773740644247368e+02, 0., 0., 1. ]
imageSize_width: 1920
imageSize_height: 1080
sensorSize_width: 0
sensorSize_height: 0
distCoeffs: !!opencv-matrix
   rows: 5
   cols: 1
   dt: d
   data: [ -1.3918635834966503e-01, 1.1635252200425555e-01,
       -6.7117754473719384e-04, 8.6215036948902800e-05,
       -5.2945185980018426e-02 ]
reprojectionError: 1.9418501853942871e-01
features:
   - [ 1.28992932e+03, 7.99381775e+02, 1.20965161e+03, 8.02413147e+02,
       1.12881763e+03, 8.05102905e+02, 1.04792761e+03, 8.07352356e+02,
       9.66600342e+02, 8.09542725e+02, 8.85243652e+02, 8.11495850e+02,
       8.04580688e+02, 8.13106140e+02, 7.24252441e+02, 8.14437561e+02,
       6.44681641e+02, 8.15429993e+02, 5.66351379e+02, 8.16061462e+02,
       1.28982410e+03, 7.19359924e+02, 1.20897156e+03, 7.22368652e+02,
       1.12758777e+03, 7.24906860e+02, 1.04623633e+03, 7.27128601e+02,
       9.64420776e+02, 7.29379761e+02, 8.82487610e+02, 7.31374023e+02,
       8.01239807e+02, 7.33228271e+02, 7.20317139e+02, 7.34870544e+02,
       6.40248596e+02, 7.36129456e+02, 5.61647217e+02, 7.37011414e+02,
       1.28924744e+03, 6.38700012e+02, 1.20809546e+03, 6.41192017e+02,
       1.12633521e+03, 6.43578125e+02, 1.04451318e+03, 6.46108093e+02,
       9.62137451e+02, 6.48285706e+02, 8.79662842e+02, 6.50354492e+02,
       7.98279114e+02, 6.52144348e+02, 7.16936218e+02, 6.53867004e+02,
       6.36532593e+02, 6.55647156e+02, 5.57377686e+02, 6.57098999e+02,
       1.28848840e+03, 5.57215759e+02, 1.20689856e+03, 5.59482544e+02,
       1.12469836e+03, 5.61769043e+02, 1.04249182e+03, 5.63915100e+02,
       9.59704834e+02, 5.66266357e+02, 8.77108826e+02, 5.68505310e+02,
       7.95174255e+02, 5.70511536e+02, 7.13469666e+02, 5.72650757e+02,
       6.32614258e+02, 5.74758484e+02, 5.53321228e+02, 5.76455933e+02,
       1.28731042e+03, 4.75018494e+02, 1.20542688e+03, 4.76925995e+02,
       1.12297461e+03, 4.79239288e+02, 1.04050000e+03, 4.81216217e+02,
       9.57668945e+02, 4.83635773e+02, 8.74456604e+02, 4.85706024e+02,
       7.92280212e+02, 4.87819244e+02, 7.10406555e+02, 4.90451721e+02,
       6.29359070e+02, 4.92827728e+02, 5.49671936e+02, 4.95042877e+02,
       1.28572461e+03, 3.92483215e+02, 1.20371777e+03, 3.94186310e+02,
       1.12102209e+03, 3.95908600e+02, 1.03837134e+03, 3.97843781e+02,
       9.55221619e+02, 4.00366211e+02, 8.72033936e+02, 4.02658386e+02,
       7.89534546e+02, 4.04988312e+02, 7.07439392e+02, 4.07645050e+02,
       6.26292297e+02, 4.10620605e+02, 5.46423401e+02, 4.13175751e+02,
       1.28378418e+03, 3.09171417e+02, 1.20170251e+03, 3.10627289e+02,
       1.11882898e+03, 3.12485046e+02, 1.03616858e+03, 3.14598633e+02,
       9.52748657e+02, 3.16606476e+02, 8.69463196e+02, 3.19137299e+02,
       7.87046265e+02, 3.21609283e+02, 7.04900452e+02, 3.24871185e+02,
       6.23481079e+02, 3.27655823e+02, 5.43551697e+02, 3.30903931e+02 ]
   - [ 1.19993225e+03, 6.79830688e+02, 1.14934094e+03, 6.81176208e+02,
       1.09882959e+03, 6.82598083e+02, 1.04828198e+03, 6.83766357e+02,
       9.97461670e+02, 6.85245544e+02, 9.46388733e+02, 6.86480469e+02,
       8.95794922e+02, 6.87630249e+02, 8.44781738e+02, 6.88694641e+02,
       7.94283997e+02, 6.89634033e+02, 7.43935303e+02, 6.90628052e+02,
       1.19959766e+03, 6.28950623e+02, 1.14862976e+03, 6.30593384e+02,
       1.09797559e+03, 6.31918457e+02, 1.04728210e+03, 6.33275635e+02,
       9.96280884e+02, 6.34472778e+02, 9.45178223e+02, 6.35700989e+02,
       8.94162476e+02, 6.37086914e+02, 8.43224243e+02, 6.38155884e+02,
       7.92547668e+02, 6.39312195e+02, 7.42105713e+02, 6.39894409e+02,
       1.19863171e+03, 5.78548523e+02, 1.14796960e+03, 5.79867065e+02,
       1.09714990e+03, 5.81060547e+02, 1.04627637e+03, 5.82318115e+02,
       9.95161621e+02, 5.83551147e+02, 9.43910889e+02, 5.84791016e+02,
       8.92773560e+02, 5.85941101e+02, 8.41820129e+02, 5.87112488e+02,
       7.90910950e+02, 5.88273560e+02, 7.40395203e+02, 5.89341797e+02,
       1.19772302e+03, 5.27444458e+02, 1.14720984e+03, 5.29010132e+02,
       1.09591675e+03, 5.30382202e+02, 1.04494971e+03, 5.31190125e+02,
       9.93942688e+02, 5.32595886e+02, 9.42523010e+02, 5.33648682e+02,
       8.91658081e+02, 5.34961792e+02, 8.40282654e+02, 5.35983521e+02,
       7.89436890e+02, 5.37439087e+02, 7.38692810e+02, 5.38399231e+02,
       1.19673132e+03, 4.76552887e+02, 1.14619714e+03, 4.77718842e+02,
       1.09496790e+03, 4.78764984e+02, 1.04404272e+03, 4.79889893e+02,
       9.92584045e+02, 4.81014374e+02, 9.41332764e+02, 4.82438995e+02,
       8.89983887e+02, 4.83562317e+02, 8.38893433e+02, 4.84840881e+02,
       7.87739502e+02, 4.85971222e+02, 7.37152405e+02, 4.87425873e+02,
       1.19616028e+03, 4.25458832e+02, 1.14502271e+03, 4.26423370e+02,
       1.09393311e+03, 4.27557190e+02, 1.04270203e+03, 4.28517639e+02,
       9.91556458e+02, 4.29789185e+02, 9.39918945e+02, 4.30945282e+02,
       8.88854614e+02, 4.32360748e+02, 8.37421814e+02, 4.33427582e+02,
       7.86470215e+02, 4.34776764e+02, 7.35573547e+02, 4.36094086e+02,
       1.19473340e+03, 3.73877991e+02, 1.14408691e+03, 3.74984406e+02,
       1.09262939e+03, 3.75782104e+02, 1.04165308e+03, 3.77067841e+02,
       9.90311157e+02, 3.78066742e+02, 9.38747070e+02, 3.79351318e+02,
       8.87421387e+02, 3.80559967e+02, 8.36324524e+02, 3.81923584e+02,
       7.84993958e+02, 3.83244965e+02, 7.34183289e+02, 3.84724243e+02 ]
   - [ 6.83850647e+02, 6.39868286e+02, 6.44427979e+02, 6.42058838e+02,
       6.04513428e+02, 6.43413025e+02, 5.64630615e+02, 6.45404907e+02,
       5.24231018e+02, 6.46889282e+02, 4.83462402e+02, 6.48985718e+02,
       4.42571899e+02, 6.50365967e+02, 4.01258575e+02, 6.52412292e+02,
       3.59751251e+02, 6.53705200e+02, 3.18197205e+02, 6.55634766e+02,
       6.82839417e+02, 6.00850586e+02, 6.42728088e+02, 6.02322327e+02,
       6.03135071e+02, 6.04429321e+02, 5.62844910e+02, 6.05532898e+02,
       5.22465210e+02, 6.07576599e+02, 4.81586212e+02, 6.08612915e+02,
       4.40742645e+02, 6.10670044e+02, 3.99262054e+02, 6.11961304e+02,
       3.57876373e+02, 6.13805542e+02, 3.16029266e+02, 6.14853943e+02,
       6.81314758e+02, 5.62069336e+02, 6.41617554e+02, 5.63789062e+02,
       6.01543396e+02, 5.64661255e+02, 5.61600220e+02, 5.66303467e+02,
       5.20705383e+02, 5.67303833e+02, 4.80055084e+02, 5.69124207e+02,
       4.38919800e+02, 5.70208496e+02, 3.97766479e+02, 5.71838501e+02,
       3.55844788e+02, 5.72909546e+02, 3.14233032e+02, 5.74581970e+02,
       6.80130493e+02, 5.23256714e+02, 6.40139648e+02, 5.23979248e+02,
       6.00312439e+02, 5.25772095e+02, 5.59845337e+02, 5.26347534e+02,
       5.19379150e+02, 5.27982727e+02, 4.78266968e+02, 5.28842712e+02,
       4.37460846e+02, 5.30269531e+02, 3.95751038e+02, 5.31299133e+02,
       3.54290100e+02, 5.32992798e+02, 3.12318085e+02, 5.33809021e+02,
       6.78651917e+02, 4.83688202e+02, 6.39207336e+02, 4.84875458e+02,
       5.98855713e+02, 4.85624420e+02, 5.58695190e+02, 4.86887085e+02,
       5.17758484e+02, 4.87639038e+02, 4.77077087e+02, 4.89023224e+02,
       4.35773438e+02, 4.89834656e+02, 3.94353271e+02, 4.91197449e+02,
       3.52425507e+02, 4.91982727e+02, 3.10558441e+02, 4.93295685e+02,
       6.77768860e+02, 4.44690765e+02, 6.37591431e+02, 4.45043701e+02,
       5.97736511e+02, 4.46369720e+02, 5.57231628e+02, 4.46790344e+02,
       5.16785461e+02, 4.47842133e+02, 4.75394653e+02, 4.48517639e+02,
       4.34518036e+02, 4.49760315e+02, 3.92672394e+02, 4.50328766e+02,
       3.51002014e+02, 4.51612579e+02, 3.08813354e+02, 4.52249969e+02,
       6.76447998e+02, 4.04771423e+02, 6.36846497e+02, 4.05908112e+02,
       5.96311951e+02, 4.05983917e+02, 5.56256836e+02, 4.07135742e+02,
       5.15261963e+02, 4.07426483e+02, 4.74347595e+02, 4.08554810e+02,
       4.32881958e+02, 4.08771667e+02, 3.91529083e+02, 4.09940277e+02,
