%YAML:1.0
Mat: !!opencv-matrix
   rows: 3
   cols: 3
   dt: d
   data: [ -9.9988364816826103e-01, 1.1344069530276216e-03,
       1.5211944208225149e-02, -1.1077698426971443e-03,
       -9.9999783871637837e-01, 1.7593773181984946e-03,
       1.5213907180762041e-02, 1.7423212783821390e-03,
       9.9988274379792064e-01 ]
