%YAML:1.0
Mat: !!opencv-matrix
   rows: 3
   cols: 3
   dt: d
   data: [ -9.9987950610379972e-01, -1.6283797287237908e-03,
       -1.5437669936895076e-02, 2.5062276934865375e-03,
       -9.9837009723407577e-01, -5.7016381607135666e-02,
       -1.5319663715951264e-02, -5.7048201797087333e-02,
       9.9825388082158173e-01 ]
