%YAML:1.0
Mat: !!opencv-matrix
   rows: 3
   cols: 3
   dt: d
   data: [ -9.9988364816787190e-01, -1.1077699799212470e-03,
       1.5213907196345779e-02, 1.1344070809039865e-03,
       -9.9999783871730874e-01, 1.7423206611216584e-03,
       1.5211944224267703e-02, 1.7593767029723329e-03,
       9.9988274379875930e-01 ]
