%YAML:1.0
Mat: !!opencv-matrix
   rows: 3
   cols: 1
   dt: d
   data: [ -5.8326417292618601e-02, 4.5400913265681986e+00,
       3.1246252140863233e+00 ]
