%YAML:1.0
Mat: !!opencv-matrix
   rows: 3
   cols: 1
   dt: d
   data: [ -1.1100156641806404e-01, 4.5345194885991562e+00,
       -3.1312817596325098e+00 ]
