%YAML:1.0
Mat: !!opencv-matrix
   rows: 3
   cols: 1
   dt: d
   data: [ 1.7900372755902847e+00, 5.8554669318522421e+01,
       -1.5373788047880682e+01 ]
